function [rt,A] = constants()
% Autor: Jakub Rymuza
% funkcja zwraca wspó³czynniki i wêz³y 10-punktowej kwadratury 
% Gaussa-Laguerra

rt = [
    0.137793470540492109330937831	
    0.729454549503169952370459916	
    1.808342901740316076308369431	
    3.401433697854899070511444648	
    5.552496140063803362063588054	
    8.330152746764496951396850033	
    11.843785837900066679542754322	
    16.279257831378104212638469050	
    21.996585811980761623191105159	
    29.920697012273889964922846119].';

A = [
    0.308441115765049338220309474
    0.401119929155312683919732200
    0.218068287611830437662226514
    0.062087456098683768588805416
    0.009501516975182031648106563
    0.000753008388587613481676801
    0.000028259233495998472849661
    0.000000424931398496309718067
    0.000000001839564823979501452
    0.000000000000991182721955870];